333333
888888888888888888888888888888888888888888888888888888888888888888888888888888888888888888888
999999999999999999999999999999999999999999999999999999999999999999
333333
888888888888888888888888888888888888888888888888888888888888888888888888888888888888888888888
999999999999999999999999999999999999999999999999999999999999999999
333333
888888888888888888888888888888888888888888888888888888888888888888888888888888888888888888888
999999999999999999999999999999999999999999999999999999999999999999
333333
888888888888888888888888888888888888888888888888888888888888888888888888888888888888888888888
999999999999999999999999999999999999999999999999999999999999999999
333333
888888888888888888888888888888888888888888888888888888888888888888888888888888888888888888888
999999999999999999999999999999999999999999999999999999999999999999
333333
888888888888888888888888888888888888888888888888888888888888888888888888888888888888888888888
999999999999999999999999999999999999999999999999999999999999999999
333333
888888888888888888888888888888888888888888888888888888888888888888888888888888888888888888888
999999999999999999999999999999999999999999999999999999999999999999
333333
888888888888888888888888888888888888888888888888888888888888888888888888888888888888888888888
999999999999999999999999999999999999999999999999999999999999999999
333333
888888888888888888888888888888888888888888888888888888888888888888888888888888888888888888888
999999999999999999999999999999999999999999999999999999999999999999
333333
888888888888888888888888888888888888888888888888888888888888888888888888888888888888888888888
999999999999999999999999999999999999999999999999999999999999999999
333333
888888888888888888888888888888888888888888888888888888888888888888888888888888888888888888888
999999999999999999999999999999999999999999999999999999999999999999
333333
888888888888888888888888888888888888888888888888888888888888888888888888888888888888888888888
999999999999999999999999999999999999999999999999999999999999999999
333333
888888888888888888888888888888888888888888888888888888888888888888888888888888888888888888888
999999999999999999999999999999999999999999999999999999999999999999
333333
888888888888888888888888888888888888888888888888888888888888888888888888888888888888888888888
999999999999999999999999999999999999999999999999999999999999999999
333333
888888888888888888888888888888888888888888888888888888888888888888888888888888888888888888888
999999999999999999999999999999999999999999999999999999999999999999
333333
888888888888888888888888888888888888888888888888888888888888888888888888888888888888888888888
999999999999999999999999999999999999999999999999999999999999999999
333333
888888888888888888888888888888888888888888888888888888888888888888888888888888888888888888888
999999999999999999999999999999999999999999999999999999999999999999
333333
888888888888888888888888888888888888888888888888888888888888888888888888888888888888888888888
999999999999999999999999999999999999999999999999999999999999999999
333333
888888888888888888888888888888888888888888888888888888888888888888888888888888888888888888888
999999999999999999999999999999999999999999999999999999999999999999
333333
888888888888888888888888888888888888888888888888888888888888888888888888888888888888888888888
999999999999999999999999999999999999999999999999999999999999999999
333333
888888888888888888888888888888888888888888888888888888888888888888888888888888888888888888888
999999999999999999999999999999999999999999999999999999999999999999
333333
888888888888888888888888888888888888888888888888888888888888888888888888888888888888888888888
999999999999999999999999999999999999999999999999999999999999999999
333333
888888888888888888888888888888888888888888888888888888888888888888888888888888888888888888888
999999999999999999999999999999999999999999999999999999999999999999
333333
888888888888888888888888888888888888888888888888888888888888888888888888888888888888888888888
999999999999999999999999999999999999999999999999999999999999999999
7777